f = 3.60135 * x ^ 3 + 0.69985
x = 1.0608963123076616
